RISULTATI PREVENENDO LA DISABILITAZIONE DELLE VARIABILI DELLE FAMIGLIE

					; Expected ; GurobiSol	; bkt 2.5%;  bkt 10%;    bkt 25%;    bkt 40%;    bkt 50%
test5x500-SC(2)     ; 10964.0  ; 10964.0   ; 5659.0  ;  10964.0 ;   10964.0 ;   10964.0    ;10964.0
test5x500-SC(3)	    ; 11155.0  ; 11155.0   ; 4259.0  ;  10630.0 ;   10630.0 ;   11030.0    ;11155.0
test5x500-SC(4)	    ; 11061.0  ; 11061.0   ; 4253.0  ;  11061.0 ;   11061.0 ;   11061.0    ;11061.0
test5x500-SC(5)	    ; 11478.0  ; 11478.0   ; 10127.0 ;  11478.0 ;   11478.0 ;   10703.0    ;11478.0
test5x500-SC(6)     ; 11244.0  ; 11244.0   ; 5468.0  ;  10396.0 ;   10393.0 ;   10495.0    ;10495.0
test30x2500-SC(1) 	; 49881.0  ;		   ; 49825.0 ;   49877.0;  49845.0 ;    49881.0    ;49881.0
test30x2500-SC(2)	; 56128.0  ;           ; 55883.0 ;  56128.0 ;  56105.0 ;    56047.0    ;56128.0
test20x5000-SC(1)   ; 101585.0   ;101585.0   ;  100019.0 ; 100969.0  ;  101141.0  ;  101159.0  ;  100755.0
test20x5000-SC(2)   ; 99785.0    ;99785.0    ;	99315.0  ;  99315.0  ;  99425.0   ; 99781.0    ;99477.0
test10x10000-SC(1)  ;   203813.0 ;203813.0   ;  195439.0 ;   195439.0;    203653.0;    203790.0;    203813.0
test10x10000-SC(2)  ;   201393.0 ;201393.0   ;  200122.0 ;   200122.0;    201393.0;    201393.0;    201393.0